-231.59598,190.08502,90.89844,93.35762,87.86518,43.09499,23.477165,46.593536,10.810625,39.4622,23.87638,22.007854,25.571869,38.258255,26.499645,26.56957,16.790115,35.546158,20.753868,22.694405,
-112.514046,191.4669,59.68464,109.7646,41.094063,59.739788,44.808052,38.81542,22.189384,27.391445,30.378185,39.5315,27.730408,30.77056,34.451363,31.080645,18.378864,30.893885,26.471207,28.84696,
-135.07793,211.27257,95.36394,124.46586,66.00652,56.875908,48.445995,36.841408,49.41974,35.41866,21.641657,29.175924,28.352121,36.409462,23.445904,27.71056,22.500845,21.506807,19.018803,17.007214,
-127.62166,187.40018,91.06534,113.894196,42.982414,49.807236,54.245956,36.53035,30.96481,45.999065,18.54167,37.56228,23.956835,30.639023,22.99057,18.11852,22.61338,20.515703,14.274114,20.798807,
-115.67287,183.43086,78.19549,115.46956,39.16335,59.0092,43.292572,34.44081,33.616127,41.86499,20.01921,39.976677,14.141636,28.662313,24.660074,21.848074,23.687489,25.098642,13.510868,21.260326,
-142.84166,188.9438,82.63489,110.993866,56.239815,67.58618,42.352364,35.120552,24.482765,40.793907,22.10445,43.600395,25.254612,30.852108,21.15031,32.82782,18.383106,21.57485,11.623073,21.864765,
-148.09877,206.39072,80.009514,109.293,54.582825,64.42659,42.518673,38.408707,20.032455,41.834213,24.66307,36.483856,19.087109,25.982075,16.37495,36.551605,20.44235,26.961552,23.239075,33.46362,
-121.72964,194.59761,69.189896,122.46504,53.766464,54.954105,39.69088,36.6187,29.21339,40.857338,20.256203,40.851723,21.271637,35.449257,22.148495,21.983253,23.579622,26.281853,17.646267,36.042942,
-126.165245,195.53801,106.804214,123.08299,57.535355,67.071625,69.116104,46.014366,33.565975,46.20758,17.247,31.760347,20.138077,30.27829,16.330116,20.95051,24.122108,27.057201,13.526579,23.692406,
-127.24966,200.12791,87.36284,125.05707,57.919132,64.877625,50.844543,33.07567,37.595684,43.63754,23.304161,45.346626,20.204258,30.608467,20.370323,21.20369,19.955605,17.765747,12.750566,23.152765,
-94.67197,223.53152,95.94412,130.30093,66.071884,70.387344,47.14421,37.348534,33.82049,40.992203,21.294844,31.069973,26.67403,29.443176,19.94047,29.49001,19.704094,26.443615,19.218943,17.96772,
-88.7773,216.56859,87.17751,131.07156,71.710785,59.913975,46.053856,37.82126,32.379425,39.850845,25.939281,37.01097,26.021055,34.155106,21.917984,25.80136,18.263405,26.640968,22.454647,18.876656,
-110.799904,231.90225,93.60968,77.25891,74.611435,59.9458,33.138294,50.77259,18.36329,34.361797,31.121511,29.423843,34.874268,40.597908,23.128098,29.960648,28.273804,31.597313,22.251106,29.526546,
-118.4503,180.13815,55.993225,97.9937,40.23796,52.18924,23.844292,37.909508,11.31567,31.443577,20.076767,32.041378,30.60262,34.923855,24.555626,39.453323,30.816452,32.983772,24.629131,35.196728,
-158.85468,178.39877,47.860256,104.449844,46.23452,43.30758,30.864494,41.15381,21.56477,32.832924,11.91307,38.761497,26.236183,31.09066,27.151764,22.661327,16.675552,29.667603,29.932217,24.545021,
-112.8801,254.17828,78.81361,71.347855,77.958916,60.157745,38.353176,52.843597,21.233614,38.79167,25.651588,31.775612,31.287193,43.801445,24.227606,30.940681,34.61152,39.859955,25.989384,41.066616,
-206.10048,198.72322,113.7293,154.6669,84.83491,66.20562,48.627094,58.51757,26.265724,44.56363,40.145752,30.69976,29.361664,29.720707,12.848837,22.887344,12.0486765,21.898888,19.300102,18.234814,
-258.4221,208.01688,47.184944,117.624664,12.038023,58.648994,52.866634,51.854126,26.627632,41.567146,24.13887,35.243233,46.94428,40.677086,55.334404,48.564526,45.590057,56.00663,38.78008,24.775578,
-131.23041,191.83691,82.62274,113.95675,70.33569,61.54539,50.478596,43.38897,33.682907,35.417465,18.784733,38.934265,18.429472,28.349316,17.392828,25.144615,29.171099,26.303059,17.38485,22.513844,
-102.07098,186.90375,71.207275,107.762695,55.9563,53.727074,46.413696,37.404915,26.959427,29.504833,20.575325,31.19487,23.057667,31.824507,21.756195,25.17464,17.005657,29.369827,18.722729,32.71843,
-124.524,176.1642,81.077515,82.963936,49.265427,56.90056,39.453342,48.09187,22.90319,51.920525,19.8382,51.709007,49.02864,43.356514,30.467934,45.501312,27.134232,41.99984,36.37058,43.87015,
-118.739235,198.5805,90.196304,112.79123,53.223206,58.931564,38.84793,41.200935,28.795244,42.47789,27.777569,38.19019,21.695463,29.756144,21.82735,18.539036,20.941378,25.159647,19.393267,24.159317,
-122.692894,186.60626,90.71474,130.25414,40.890045,50.377823,47.008385,37.961594,30.116344,40.9084,22.107338,36.037506,18.686384,33.92647,20.306149,21.320011,21.551903,27.16005,22.935102,44.34474,
-129.27194,180.34756,80.39288,114.7894,37.59201,57.884743,44.383183,37.114403,34.40194,50.686256,17.793194,36.754463,23.513134,28.855364,22.441364,20.78788,24.088947,21.815187,12.155424,24.7267,
-193.09816,194.48401,88.40489,85.42319,73.69405,44.893692,32.71545,55.97267,17.388432,44.100014,31.235567,45.286903,22.998905,46.871296,20.801064,30.637405,28.80106,39.254894,18.518196,27.640743,
-110.42991,187.17593,96.1959,128.26807,47.40307,81.999756,56.288338,46.48827,31.079018,47.196075,16.866795,44.992645,23.329193,30.914581,16.097515,35.981094,19.155365,22.877422,15.419387,31.201466,
-229.69917,202.6742,98.98876,97.59721,69.25475,44.710953,28.624344,45.381557,12.877567,34.805824,30.801884,22.675928,17.096918,36.607132,19.964596,30.995092,22.552485,29.447937,21.294695,19.235481,
-85.66766,180.60632,52.696175,89.87094,39.107506,47.170364,25.333998,49.306625,22.631676,44.33226,33.031586,33.044537,20.65445,37.48447,22.537827,41.489906,16.027054,35.55578,27.918678,44.421616,
-89.854576,138.3072,10.023527,86.65622,28.285385,48.591606,14.200743,48.606693,16.49934,39.4408,29.927895,31.320095,15.165056,31.941778,25.066189,33.80345,15.849643,37.584396,32.003822,42.9897,
-92.06963,195.15408,92.78547,110.716324,45.85565,53.670288,50.432487,30.988312,31.872257,41.417984,32.518936,38.768425,18.744686,32.03667,23.017183,21.441498,24.53974,23.582783,10.490391,23.236794,
-124.802734,186.64542,92.925514,124.72903,42.340477,53.664333,55.11943,40.631657,28.863243,38.849533,21.708479,36.8839,17.717575,35.024384,25.688742,25.943386,20.260963,28.308632,12.522643,19.695549,
-225.35301,192.22998,98.182655,93.09859,75.640045,50.334858,38.897865,46.1688,9.255102,31.928333,28.628075,16.110962,22.456257,40.75746,23.549618,36.167595,20.59531,34.094753,21.369104,22.481346,
-55.47876,186.77136,53.09087,53.926315,29.31137,49.374416,21.35791,33.757866,13.830524,43.918556,16.831741,40.628433,18.729458,36.00698,14.070201,27.74017,9.366866,25.382914,21.77263,35.60121,
-123.8901,211.07353,56.68014,39.56195,26.918224,35.53348,14.934985,25.520668,15.853841,16.610998,4.98676,21.108458,6.645103,16.615976,6.044567,18.588734,3.8359792,15.655232,9.710483,17.978245,
-124.89227,157.96887,69.02014,98.739914,39.503098,54.170025,31.153019,46.710014,15.384956,40.922935,35.66635,35.132416,22.314562,28.027267,25.254,33.41499,23.221344,50.397873,17.124496,34.017216,
-139.95389,214.35637,105.996994,132.6795,77.10559,67.75226,51.78959,33.24154,38.064133,42.468586,27.918953,37.229313,23.754864,36.43544,24.51598,26.009575,22.729668,31.621851,20.516788,23.010077,
-52.051987,175.04721,59.071503,108.012405,45.151703,42.911377,34.906403,31.661486,11.617594,34.89422,12.894751,23.622877,27.404198,35.127335,24.675457,31.125383,30.551811,25.126514,21.154182,27.719135,
-116.86631,158.97748,73.20445,93.936035,45.7644,69.82623,23.781439,63.46033,14.2609005,50.702408,18.55309,36.973557,24.565979,30.17762,18.456142,32.205036,20.827297,32.697365,15.98554,38.77693,
-98.13265,187.71764,71.50789,104.279106,58.08525,60.962593,38.742004,36.432144,16.929018,33.376526,14.970094,30.07412,24.902122,31.25225,30.725208,27.338158,23.661234,37.083874,20.305927,36.003876,
-165.72902,172.64249,87.62519,86.82763,65.807144,43.202393,43.050716,57.21446,20.358318,52.784943,32.010075,32.492645,26.11631,40.16017,24.478363,31.878891,19.817286,26.400578,27.666973,29.996063,
-104.16897,204.5855,66.34836,124.91691,81.55719,48.438396,44.81658,61.712738,29.080578,38.49826,42.256653,47.410725,17.777637,41.26639,21.115923,22.603046,17.075333,20.923496,9.1899395,23.639858,
-109.61674,208.56076,83.7192,132.7734,88.43518,57.37419,53.157837,53.938423,30.201107,38.064686,39.73168,26.953777,23.21733,34.761997,25.354372,22.879784,18.79842,26.114609,9.624737,16.46889,
-190.29976,181.3057,92.66841,142.02087,43.51852,67.54164,56.03198,41.54203,30.647459,53.644035,15.699422,29.591276,21.153152,24.351603,14.954242,26.00396,14.240011,27.07597,12.530075,29.68945,
-165.29913,198.08504,52.146515,105.41821,38.87861,52.716694,32.199326,34.99801,17.958897,28.669558,25.385036,44.760254,37.70447,34.354195,26.14442,27.96334,21.256672,31.28636,31.223656,33.441734,
-138.47862,210.39328,108.65723,117.90938,77.86009,65.244,50.92576,33.435432,25.972973,43.854786,32.84539,31.57263,21.191559,28.231571,17.999838,29.257809,16.923473,27.360891,23.00854,14.0005245,
-172.99997,139.74733,83.191956,108.47731,46.000378,48.887962,25.03757,40.785557,24.949812,32.41861,13.887699,31.99982,10.909135,30.91447,20.204739,25.748024,12.2689905,55.87803,16.200806,42.69615,
-221.2848,196.2566,93.263214,75.55617,71.48559,50.210686,25.604982,41.019447,9.736948,36.082817,20.984072,16.307663,31.643356,34.58933,25.214508,30.157236,21.761065,33.03671,19.291744,20.683979,
-126.138,204.98018,90.27846,121.86525,80.55833,66.72123,41.23005,53.73513,26.989944,43.69584,26.187456,30.320026,32.639046,27.360199,18.582592,25.652374,15.4648485,26.31479,14.722163,33.937237,
-80.8058,144.40738,15.083488,90.22975,23.932608,53.251225,13.212732,43.84519,18.059658,42.743736,25.673584,31.614792,13.957417,36.759197,18.710606,41.26219,14.406,34.607895,33.34082,42.292698,
-152.55899,187.61758,133.08093,141.47845,81.561386,63.986343,38.2838,70.71721,16.708889,45.925217,39.01217,35.052895,33.421974,27.528345,20.130451,19.305796,29.2751,18.385918,20.110172,22.91774,
-124.585945,188.80685,74.37431,117.6801,46.27549,64.58867,48.93814,44.756996,29.68548,45.02127,27.435806,40.33508,18.742645,34.86755,19.804073,25.899948,27.233881,25.766285,15.290873,22.717768,
-101.358086,217.28247,74.5257,119.21109,77.64395,42.81009,50.63492,46.995415,29.066574,41.353073,36.607307,24.482895,17.72407,33.823868,12.056093,21.686493,16.750008,21.289246,12.10189,19.263714,
-111.64434,166.52936,36.585278,98.49246,42.274628,44.353085,29.48916,34.27153,20.471157,36.30336,25.090654,36.744667,17.167591,37.294228,17.59511,27.73048,14.339283,28.873497,19.368189,33.282616,
-231.36095,204.44377,101.96578,89.87277,67.01955,51.6668,19.283045,43.79904,10.506891,37.767784,25.427528,20.956497,22.619884,34.052208,22.720402,27.148315,21.016148,31.611752,18.227642,19.077349,
-90.640564,163.78703,42.83754,90.91649,51.012604,54.333984,34.20497,43.269577,7.7017097,55.082024,33.483727,31.187971,25.275322,37.685936,20.708786,30.622911,23.054512,36.01422,30.19337,43.465862,
-115.255104,217.25804,102.09086,121.27096,71.05031,67.211426,47.686462,44.843357,35.051647,38.74634,30.09497,34.670444,27.988134,39.607136,18.78809,27.656548,23.030306,24.603073,20.837727,16.39836,
-145.37032,225.28828,101.84923,117.53519,70.820206,63.323906,48.74996,38.025032,25.316406,40.789276,28.718704,28.581966,32.238083,32.701424,13.8325405,26.14436,12.806924,21.172363,20.37222,14.297176,
-20.124653,200.74548,87.83476,80.26227,44.790756,42.258553,35.615627,38.65747,20.318497,45.678635,21.996319,33.48263,20.207506,38.48802,18.241955,38.225136,20.261223,38.297455,39.38822,42.356667,
-131.65167,167.14417,70.87362,102.968185,44.194492,69.2054,25.205101,54.157257,15.296517,38.989273,19.397604,33.727707,23.955051,20.614,22.588753,22.53358,28.216112,23.88917,36.461094,32.332047,
-122.58184,201.87587,105.26996,134.5612,79.859634,74.99341,42.376575,57.69538,40.89837,44.39688,32.65437,37.880432,23.821346,28.006351,12.876624,28.273693,17.60548,26.67151,21.7024,21.451159,
-84.23825,195.59334,48.994987,111.898254,50.112885,50.879894,32.783012,30.170918,18.970072,22.174114,29.39534,27.77393,23.454214,22.22811,14.689489,32.682037,32.542866,30.260067,22.86627,38.52375,
-211.21817,189.64198,98.88574,93.40532,71.29532,47.38903,29.94326,45.40522,8.100073,39.64375,23.492226,18.06789,29.66925,40.484207,20.749508,30.380054,19.87656,35.62886,21.180462,24.556297,
-135.06033,199.28226,81.96115,134.21149,42.43833,68.754776,56.33867,31.936668,29.660587,43.301086,16.26493,35.350002,14.983808,31.86574,22.90358,21.692104,25.380587,23.79866,15.204449,20.935287,
-149.41443,186.2854,85.671875,108.21163,31.368202,63.43719,48.058567,36.540672,23.51957,39.820324,21.021778,35.49826,13.655144,34.421978,13.708845,26.493446,16.996223,19.77665,20.314945,22.03843,
-63.072502,204.09808,111.72615,121.432755,49.006187,66.991776,35.33584,43.220917,21.791656,39.3497,11.08008,24.486864,15.590483,34.64086,33.393867,31.526707,20.505798,31.870438,20.648914,22.492022,
-91.679596,193.36905,62.518394,126.64882,45.722122,56.628456,32.273582,29.441238,19.400272,18.22778,24.61671,36.24357,32.136116,38.315422,26.531937,33.896957,24.769497,38.74484,25.74974,30.716679,
-174.35713,181.51216,90.57535,149.25735,80.94989,72.05295,34.863277,52.6519,28.157333,35.16562,37.47439,31.621296,36.903336,28.672901,17.575119,22.981289,18.758461,22.877031,17.699797,27.880074,
-116.75507,200.29015,78.84021,115.97189,52.37908,63.431488,54.503246,42.01805,37.61454,41.189713,20.860577,36.864105,12.602496,30.147072,18.65379,20.784893,26.304848,22.815165,14.130912,24.044104,
-132.35454,190.11331,89.59478,126.62473,50.8133,46.774998,49.996445,38.083153,33.497246,43.26657,16.219692,34.534317,22.777925,29.59983,19.355074,23.864006,21.404823,22.749191,16.872398,18.497393,
-139.11008,195.69737,86.326836,122.95848,90.95109,53.026123,42.594597,51.15487,30.498476,35.559,34.537,30.453087,21.880928,39.210022,16.983547,25.620726,16.731827,24.165997,10.882032,18.16985,
-98.298325,183.43784,89.8615,111.90386,50.06423,50.894135,47.857674,32.41333,35.824265,39.676216,25.515013,31.93774,26.51469,32.391216,20.16587,26.878727,25.476803,20.49771,19.572155,28.376602,
-195.76216,208.16153,94.2388,151.99014,78.1536,71.52041,50.994865,55.464497,17.747221,32.26023,38.397408,43.09719,34.042442,23.869896,12.798031,22.378792,9.3299885,18.66956,16.934744,19.991676,
-160.42606,191.29166,102.15422,119.74962,62.875397,66.36475,51.148407,44.995712,37.123856,54.380432,21.243,34.563423,21.776508,31.909834,16.40964,24.55619,22.924911,23.145374,12.631262,26.558754,
-116.8188,212.49646,73.00371,124.74628,89.588905,53.98751,47.125355,49.988728,36.529892,45.378098,39.56762,28.144371,13.098009,35.695206,16.346006,26.312428,20.361073,19.746893,11.258294,19.594425,
-225.16785,194.04456,89.74243,86.34915,72.90671,42.811203,30.401115,50.014366,10.246775,46.35783,24.684696,20.432295,22.417402,37.3846,26.820513,30.081821,20.327805,35.17865,19.522814,23.741106,
-113.85292,194.63126,58.0758,111.40451,57.11161,53.43155,35.72493,28.469147,14.224395,24.362015,21.312529,32.10794,34.776436,40.089108,26.420685,40.84984,31.908695,40.212414,25.226093,36.246006,
-99.166664,198.44325,60.061756,113.354675,70.70507,45.45283,39.04847,46.781036,34.03263,30.760658,32.63327,33.158714,20.882217,33.28327,13.124483,32.63041,31.458176,31.29205,26.816444,30.96659,
-128.96445,184.1852,61.531403,112.570274,69.15587,52.972176,39.463802,32.915447,26.898117,37.092537,19.518217,35.839912,26.849298,29.564758,22.044933,20.653574,14.25074,27.38699,17.445396,27.933844,
-131.7507,212.39078,99.06758,128.62314,63.673553,59.008232,56.189102,41.884846,27.771908,46.62565,24.845882,29.812763,18.46349,30.438549,21.166195,27.030268,23.267496,28.056057,21.198647,16.7373,
-233.36267,197.1089,90.97243,96.51658,70.77873,49.72032,28.107567,41.552956,13.307947,40.75203,27.941225,19.78801,28.083378,38.201767,17.931435,28.050734,20.734179,33.512806,17.502998,18.922108,
-136.66034,193.94717,60.630962,118.82573,73.282455,52.7155,59.585754,46.752056,25.39869,40.269737,30.87469,33.541718,16.95782,35.966415,22.37361,28.06762,17.686844,30.939053,15.086744,30.664368,
-120.83084,208.63734,70.84862,113.58438,91.87725,49.914787,48.74775,47.92694,28.739552,41.412575,35.693184,29.83184,22.846336,36.574883,16.325348,25.773653,21.55354,24.521809,29.3907,25.52353,
-108.94349,200.5953,61.3243,119.37929,82.291695,53.164047,48.898552,54.16839,37.821236,32.562305,33.19871,34.4674,16.445305,47.32412,20.850174,29.105583,19.82914,21.978779,17.09122,18.544052,
-149.94012,214.24818,96.89397,123.562256,62.39978,73.74466,44.645515,35.43904,23.503471,44.69001,25.442463,34.52209,25.65615,30.136839,22.710392,28.518604,14.894341,25.555489,21.607185,15.065927,
-65.68654,189.00337,64.107796,70.57017,27.739666,37.979275,11.314892,33.79796,12.25161,41.491028,18.134544,28.140217,15.238779,30.31542,17.022572,31.799448,12.611986,27.450245,12.338054,24.340563,
-199.72865,214.04166,98.81796,139.56035,73.329575,72.2284,40.776207,62.173836,19.199413,44.814404,40.590443,27.674961,27.147957,25.746428,17.61311,16.556576,14.57724,18.44128,16.099754,19.95105,
-106.205124,199.20557,64.28075,113.41084,54.29464,51.979153,38.70331,35.9891,25.63734,30.756481,36.232468,28.705929,13.783605,28.725172,10.594254,29.087612,9.955359,36.0324,26.144325,26.356586,
-142.6679,192.65967,55.32513,115.41,50.94285,51.369537,39.115036,32.01487,16.756214,27.44984,23.552807,32.296494,23.670868,32.24765,15.524994,32.301525,10.879011,28.956314,16.00832,27.79996,
-123.703545,176.74475,66.82978,133.44403,65.44347,55.874874,50.60016,34.753708,19.832596,40.59224,22.960136,31.23091,17.9554,37.346268,21.912216,31.75277,27.102348,35.08145,42.78573,51.197006,
-195.03809,190.3934,56.666397,77.34955,47.153717,54.289497,20.822468,54.202858,26.457596,37.960907,22.301785,29.820904,14.28999,44.126457,22.836258,30.76231,19.23948,32.21682,18.106785,26.78695,
-92.07781,176.94052,50.224625,71.47018,41.907616,48.84773,23.279114,44.386276,16.55399,36.952866,20.373272,36.700844,37.49929,33.866497,20.653637,43.49599,23.197416,41.170822,17.029306,48.284115,
-121.80029,185.40869,53.019768,96.9736,37.03667,67.63869,14.466179,51.368427,17.758476,22.762459,25.59035,15.227301,29.564285,11.091784,30.433968,7.399665,27.098166,21.993982,35.013824,42.84237,
-157.39569,188.75098,96.90846,125.85349,48.960144,76.66844,61.509384,54.56935,34.260086,47.156525,19.236797,33.366386,16.338657,30.2575,11.964411,27.191124,16.757687,23.005419,13.995324,22.671402,
-76.44834,186.13972,74.46915,99.53346,47.43181,52.466095,41.3114,33.231712,30.238749,45.194195,22.136625,40.740562,15.087012,35.62066,20.484123,22.809319,20.725708,19.877306,18.208769,24.720707,
-91.61279,185.21397,69.61037,115.145546,43.16084,44.927124,32.670242,40.72117,8.399555,31.473415,18.22984,34.12693,23.58244,30.459923,23.747162,30.753477,24.874866,29.023933,26.345493,33.3528,
-159.77959,221.43643,108.45241,118.954,68.22237,64.28435,33.196495,47.692657,23.227085,47.85153,27.028465,33.895966,21.72337,39.953068,24.511948,36.599037,20.410606,33.263836,27.651936,38.30642,
-222.2449,194.25757,96.29626,88.817635,59.882687,41.85626,23.92904,48.49017,7.7010403,36.462738,28.99704,16.919033,26.34829,33.46624,22.969112,26.144009,19.003998,33.26542,15.947734,19.287983,
-137.93257,196.732,109.9364,146.60864,46.131283,68.01001,54.637596,45.905556,37.485245,44.8063,18.67936,29.230417,17.39811,30.91048,12.755984,22.29518,15.573164,22.971401,12.1990185,26.347328,
-90.219475,201.52193,83.73808,112.55297,57.112164,40.903625,57.508476,33.80283,35.254074,45.02408,24.714672,34.564934,15.017052,30.239735,27.570301,14.149067,23.156237,22.904226,12.228591,23.044527,
-99.437935,180.017,60.11953,106.30117,40.805435,55.104485,43.883842,36.42831,11.873661,40.803596,17.33315,42.249046,31.356833,32.54873,25.667542,27.936056,20.696018,27.345594,38.08535,29.724705,
-153.57642,180.23352,54.32886,112.612755,61.851845,57.945435,36.30413,33.152527,13.810606,36.70517,20.135382,39.29856,34.980026,35.260628,23.765316,33.446857,21.736275,32.026253,33.364548,39.68731,
-140.9952,217.08539,102.178406,128.85596,84.40755,61.017494,36.988136,38.08345,27.701023,36.23987,29.995007,35.04378,19.890955,28.332432,19.715557,34.316475,19.727295,24.8469,25.82916,21.744286,
-122.413025,216.46577,90.10405,122.35682,67.318344,75.86504,46.287636,45.46414,44.18519,47.603756,20.473434,33.62186,29.588703,30.106455,19.640837,39.535694,14.094698,24.280603,18.891912,18.45117,
-151.9413,188.91928,96.95799,84.09929,63.240562,47.11229,23.10223,54.140465,10.436481,30.346664,19.04551,25.973492,20.618984,41.89969,35.603245,29.334723,26.452858,39.84385,33.13224,32.688282,
-128.23352,190.66888,55.191887,113.773575,43.485565,56.683548,43.720085,26.679035,26.466686,29.449627,20.958038,34.660378,29.845675,32.97634,28.931406,26.83696,17.763283,29.363697,23.822256,27.038717,
-118.99409,196.32999,92.73023,109.47072,46.00023,59.79196,49.357033,40.424866,35.956116,41.340683,20.342634,31.599518,20.182858,31.124142,22.379246,19.281755,20.330574,23.417309,13.721005,30.182808,
-138.365,202.97827,74.12425,115.25177,96.32982,70.021805,52.704895,49.39779,31.639082,33.486504,40.06146,26.005688,17.315102,38.878044,15.0867195,29.296532,18.085478,18.656822,9.66053,19.425407,
-124.75719,214.35258,100.4091,117.975105,45.249077,56.067528,27.97826,32.738083,29.710018,30.64951,23.922016,27.438023,31.497581,39.411674,37.64037,25.19883,26.032978,37.742332,29.054962,28.58119,
-22.064438,157.07822,80.86106,69.763016,25.970617,46.677998,20.20012,50.60557,19.669376,39.933525,14.748327,41.015297,15.31817,32.27884,6.111758,33.413925,11.986055,40.04887,15.183684,45.72126,
-139.83897,169.7309,52.33269,120.42726,41.29849,52.702248,35.2619,46.829857,16.277832,37.093826,24.888771,35.8678,24.591015,24.103407,14.230893,20.25429,19.29425,24.964024,30.754314,35.76767,
-154.59128,202.20273,74.02174,129.05713,79.54613,54.454193,55.08521,54.309914,27.898893,33.671238,35.271698,26.491222,14.846447,37.764877,21.514902,33.7318,10.73838,19.650629,13.798693,19.568672,
-159.9969,213.85387,102.193924,134.9556,74.154526,59.64038,39.390465,36.208282,25.078707,35.2164,29.434452,32.11145,21.886417,39.241074,23.574514,25.420643,16.044632,21.950386,22.235523,17.28236,
-90.18511,179.04324,102.86747,129.24294,72.01903,74.61827,58.75787,51.13994,32.342995,51.11454,39.37651,48.917953,21.1319,30.77209,14.80777,25.816689,17.486034,30.415276,16.402119,23.869858,
-183.13448,206.68697,108.450165,151.91463,75.33827,59.69557,49.434532,60.227196,23.799366,36.613953,40.89879,30.937977,29.349174,22.610222,14.681014,24.367306,20.235466,18.12767,16.692516,21.790718,
-119.18898,197.84961,59.00522,103.77401,48.349274,54.29168,35.87907,35.097248,21.015162,19.396015,24.050095,30.313969,23.31929,30.859268,20.72158,41.214375,29.858341,37.113926,26.766363,43.424892,
-217.53282,197.07874,99.32216,103.76506,73.75192,55.416306,25.539207,43.234367,15.726588,46.301548,37.221672,19.944473,27.019434,38.859306,20.127499,27.899132,17.529728,33.883636,17.669888,21.589907,
-119.514336,189.8548,85.93622,113.51897,46.12577,51.306908,44.239834,34.797318,36.086433,45.797985,24.621464,37.9964,22.380676,28.672737,20.746555,22.120674,25.718023,23.75567,12.773176,18.958202,
-146.54321,216.36595,108.2599,129.42357,73.55652,63.528435,42.691322,31.96228,21.66422,51.843227,35.104256,30.810051,16.561249,29.524574,19.951431,25.856815,14.945419,24.458538,14.302619,23.431023,
-135.11539,210.89612,110.145386,119.11705,66.38284,63.640743,53.10952,34.155174,21.621937,39.6118,31.143164,28.9145,25.1998,24.668821,23.366055,28.50339,12.817317,25.743294,17.486021,22.21531,
-88.18286,207.78625,100.485954,121.890366,68.26529,61.596596,41.7892,38.096195,31.029734,53.44178,38.95484,40.641205,19.444664,35.608322,19.349304,28.292997,15.306145,29.715815,16.657036,25.36018,
-121.61399,198.38998,53.964363,116.4958,45.72377,46.97866,39.766426,39.2463,18.063557,23.546013,20.717705,31.565079,22.010012,37.18477,19.024794,34.792496,35.08935,46.539032,30.744583,35.06852,
-132.30278,171.17062,76.932846,94.60421,54.24253,45.279095,30.310238,24.627361,14.452839,29.346977,29.218166,34.674583,24.289314,26.15097,14.770237,17.972324,13.662257,56.225758,31.292143,73.815575,
-114.26579,216.92851,113.1678,127.70094,64.50515,70.08115,44.537094,42.146484,30.351078,38.717392,27.180717,33.628593,22.544147,36.06102,20.898876,24.622768,16.184708,26.366571,18.7668,18.682121,
-184.65172,186.77402,117.31234,127.93703,69.31349,67.37761,51.935997,52.018093,35.335915,45.802647,43.192173,33.110077,33.63101,32.644142,18.079063,35.383995,16.472588,32.15042,16.257633,29.336811,
-100.20714,184.4354,59.075066,113.72507,48.001488,52.017334,35.830944,39.556854,11.791157,36.932556,24.235304,29.91461,41.251877,35.63244,32.023697,33.88375,29.269278,40.383785,27.933243,35.53089,
-129.07307,188.78687,91.19908,79.03175,43.304432,61.34155,33.103195,45.366283,32.769585,56.643402,24.752079,26.656687,25.771706,33.85179,20.652487,30.576271,22.650146,43.23893,44.499123,56.460644,
-103.07028,189.40494,65.816086,104.749054,54.5147,54.75258,45.805084,33.841087,18.19249,30.737993,17.675438,26.180359,26.523798,39.377823,23.06361,26.58555,23.96819,30.273113,27.250313,36.044876,
-169.78479,221.89792,97.24434,130.45892,76.78099,67.376076,45.758835,48.361984,30.962784,46.64524,26.106907,35.052612,22.790165,31.799543,23.610817,23.396004,15.130312,21.779335,22.833355,14.720251,
-140.39973,215.55695,110.10319,120.06374,58.532856,67.76898,50.18564,34.891853,24.452368,45.6006,26.94865,39.959843,19.997543,35.494293,17.75058,35.927696,15.492447,27.378086,21.169144,22.485031,
-172.77336,210.45407,104.14899,118.335815,74.430084,69.11861,47.325157,40.646606,27.29861,46.549866,26.927357,32.322563,23.84119,28.800465,22.260807,31.46253,16.302732,29.099277,21.53672,20.091488,
-172.7931,184.8088,110.7962,139.64487,72.62233,65.006966,45.70708,56.069077,17.77734,36.27073,32.183064,31.68835,35.763374,18.382912,25.747942,25.941307,11.195327,20.468922,20.872063,25.653164,
-132.92828,217.94379,96.55548,132.68202,64.26589,72.87509,38.510582,36.79857,41.012203,41.627613,26.6683,34.929756,29.983501,39.778984,25.751263,28.707855,20.836487,26.53763,22.25135,21.675222,
-91.45085,202.06522,42.959167,40.081905,15.497696,34.881603,13.228643,26.712582,11.916811,20.707865,6.1446333,18.63689,2.3360362,13.843565,6.7282124,10.2404375,6.01711,20.738216,25.372814,33.86123,
-90.0104,201.80026,75.65389,125.81334,81.05644,46.168045,44.39943,52.41725,33.001907,41.88668,30.186893,27.37639,20.491703,37.166183,16.934978,26.636894,13.096918,20.120623,9.017498,19.95959,
-141.10947,186.7641,97.94823,95.75302,69.308334,44.66996,30.144753,45.37895,13.9944,33.517803,27.858303,19.672115,23.646755,43.255157,24.931889,27.57159,21.319164,33.524754,19.327625,19.870562,
-224.38074,201.28534,105.820755,96.94642,67.47596,44.640217,32.036037,45.478638,11.088602,31.147743,28.469795,17.381058,25.584957,39.524757,25.540165,26.56203,26.56974,34.658825,19.683853,21.405048,
-91.12202,205.76143,66.29631,119.313416,91.626854,49.45675,46.44316,55.914898,38.426857,41.445183,30.926031,33.726795,12.971485,36.73652,20.110611,28.905403,18.578403,25.051943,15.505515,19.17505,
-113.17004,215.67543,106.17759,132.08713,59.755875,63.325745,43.558556,40.026268,30.051239,39.14179,28.734276,31.748238,23.614176,26.59023,23.119837,32.40327,15.551261,31.253357,20.920208,15.3747225,
-152.69316,159.14407,104.094345,79.887955,56.599194,59.015926,29.285572,52.361137,14.234465,48.396713,22.472633,58.04872,48.923042,43.745472,39.81024,58.68316,35.08275,52.756332,30.47902,40.290016,
-92.57441,204.27231,79.66771,120.81182,80.350464,55.336945,45.721104,54.66947,29.515253,38.06414,35.063152,36.573425,19.719898,42.535183,16.211454,24.56617,18.425901,22.970034,13.413979,21.372072,
-133.5143,224.83893,108.56311,120.213585,80.52288,56.264465,43.845745,40.1277,25.90749,37.56977,36.383194,38.271835,24.908056,31.661034,26.59856,26.641153,17.659159,24.452374,18.05338,21.342165,
-73.05223,197.4617,61.350033,108.78858,50.79406,57.66084,34.317707,34.25048,16.841976,33.080185,19.18493,36.58238,37.593742,32.298073,26.606903,26.8762,24.634007,27.631445,16.325424,23.495605,
-73.87534,185.89127,54.946133,118.08657,35.263718,54.013947,31.498974,37.801327,16.473083,39.545883,15.495073,34.333088,26.351917,40.66697,23.322956,30.367334,27.223606,40.147255,40.74156,35.42266,
-45.842228,192.83798,68.96368,99.44205,59.379402,51.427174,33.447296,36.917816,30.551224,53.93164,22.681522,50.79545,17.937885,36.59143,25.475327,33.05117,19.345787,28.810843,15.877423,26.468782,
-119.74669,182.44287,48.007824,74.56996,26.245821,45.712082,19.824581,35.262245,8.8106165,31.303844,19.564844,25.077145,9.497328,28.95652,17.95057,27.797722,19.336388,31.959995,23.777212,42.59319,
-167.16449,158.19989,65.98508,96.99748,34.676025,57.525703,34.710663,33.830826,20.406605,31.571095,7.2960987,27.624134,12.12157,25.746437,21.584595,22.860163,7.9573183,24.25971,15.909279,28.2343,
-163.08578,194.19308,106.9294,127.06752,70.268166,81.94313,42.13726,49.863823,32.39405,48.953197,34.655792,47.8659,26.348398,27.43985,24.219156,27.545427,19.601921,26.717426,17.447964,27.83023,
-133.18896,207.9434,98.63262,135.97351,79.784744,67.33721,51.34903,38.25241,21.284353,46.25405,29.348103,36.169945,23.123062,33.093708,23.033997,32.036945,14.819109,29.244806,24.150768,19.953083,
-118.61727,182.45328,68.647285,95.261475,42.384132,64.54171,47.300606,50.352425,22.131329,50.1383,25.358635,33.694122,19.98251,33.96762,29.284916,51.72873,27.778698,51.253998,27.645329,56.1464,
-243.40527,199.71869,89.08687,81.48949,77.032104,60.119644,34.406013,54.924572,12.33779,47.811466,31.04644,31.01479,28.726976,55.39434,26.288065,28.200157,30.904825,33.865017,22.212051,27.853428,
-234.6182,192.77843,104.21389,91.452286,78.27472,46.514965,31.020138,44.44918,12.674608,36.724106,30.555792,21.809593,19.611755,38.60395,21.761917,30.00847,21.127625,27.284897,20.25728,14.043185,
-159.50742,188.89305,66.39561,102.84515,52.045204,32.329506,24.012285,21.987362,15.510553,32.229073,26.858185,29.940067,25.729153,19.785862,21.080791,27.672613,26.099056,86.917755,43.73777,77.452675,
-207.78137,195.71992,85.97432,101.47952,76.4597,42.671127,30.5503,53.089527,10.091928,34.71949,34.96454,25.591454,22.458977,42.638268,20.80046,32.14845,23.140001,30.957205,18.487799,18.41262,
-147.69453,195.84473,65.64191,113.14248,83.442825,55.141235,53.902153,49.42742,25.36774,37.525887,44.492874,26.014992,14.073351,41.375072,15.739084,27.62136,15.093208,20.90493,17.941433,19.958519,
-167.81714,181.15013,98.5847,135.25703,57.458202,62.474297,56.199013,44.201797,28.163784,51.894783,13.617605,39.663574,19.880388,34.47054,18.314562,19.703506,12.580692,33.051685,17.408442,30.618553,
-93.0074,188.42302,61.032417,104.48242,38.58059,57.568405,22.313873,35.535255,19.723066,33.541145,21.112045,26.302132,32.66182,33.332863,37.23494,39.20037,26.910423,29.809418,32.748436,35.416985,
-200.25507,199.3595,95.76016,143.82068,71.74104,80.023575,35.940033,69.01289,26.131111,34.250446,36.92839,30.121002,33.059372,25.825104,20.356213,22.52251,10.106789,25.384502,17.387598,20.060211,
-198.6777,196.65973,111.46932,145.49063,84.33881,79.82071,52.1032,53.893288,33.495056,48.058304,32.062172,37.727448,33.14834,31.191282,25.809116,27.042622,18.62904,44.31813,28.897032,27.70954,
-129.95944,197.40741,96.80946,115.06193,54.05769,56.914543,41.733078,31.168673,29.912167,41.430046,25.694153,38.82827,20.003647,28.76627,23.096806,27.170216,21.456108,23.092632,22.488014,20.316494,
-100.68,184.02832,83.08163,106.240685,39.342167,62.622234,27.629223,45.98298,26.42089,36.354862,14.171804,36.155045,19.323196,32.713184,16.33242,34.989376,21.531738,28.294102,30.281616,34.19327,
-93.28987,194.19345,60.25472,113.94684,53.711403,50.38318,34.21706,41.477955,31.086954,21.759247,26.040365,32.57981,29.07699,29.601555,19.732002,36.250362,19.224056,31.827032,20.547318,28.75459,
-94.54427,191.62077,65.531525,109.2905,57.082466,54.393692,38.4404,36.26448,15.589441,19.493599,29.153492,27.528114,24.003365,41.79052,28.65975,31.527729,35.056595,34.092186,32.950985,36.55285,
-139.81445,212.04996,102.29802,119.914474,65.218605,71.340256,45.430107,34.856705,27.27846,31.07509,25.011307,37.966995,41.97466,38.083233,26.918472,33.217693,14.184269,24.341423,21.468899,14.417262,
-32.69264,158.10727,73.61513,105.98808,32.498665,56.32718,45.756584,52.41411,21.986286,48.204865,22.936525,45.6537,15.059319,42.43556,11.583385,43.36718,10.37048,27.44413,26.890335,43.04043,
-214.60303,204.31161,99.15462,135.18774,87.47449,78.85495,50.208187,63.583817,27.614712,37.226456,31.701506,31.76622,36.77519,22.666733,22.360283,20.597862,9.034315,23.118042,18.487385,19.449268,
-130.4216,194.48106,60.18002,112.20145,62.913654,45.70346,33.809868,35.70169,20.139187,30.520535,16.305262,32.910667,33.274906,26.681648,32.709694,27.356495,29.392132,31.877712,41.30859,44.634354,
-166.45436,187.84344,80.149506,90.839195,67.89581,59.18088,29.447475,52.06199,17.50595,35.87773,26.623121,39.50444,21.265446,50.7325,21.848778,23.866951,34.574326,29.769426,21.63065,23.606178,
-165.73038,195.12962,98.68472,111.8169,64.69224,54.165733,38.85219,28.453785,14.469149,20.585785,36.810127,40.74164,22.89682,26.08506,19.004639,28.938112,25.56472,40.893402,27.079355,69.28316,
-133.51929,222.45804,100.849106,132.06763,73.78523,57.929443,48.17571,37.3869,34.18614,38.101982,30.135803,38.84597,26.999985,33.478928,18.918282,25.590216,18.758202,27.148352,20.149338,17.963285,
-138.95805,173.38301,50.836628,103.567474,49.30863,50.29738,32.607246,38.539352,11.030812,29.394611,17.052492,28.521255,28.100512,35.6372,24.180174,34.647583,29.2895,36.25933,24.336475,38.735825,
-135.60992,185.55594,74.005905,110.64345,60.327217,36.39605,32.9981,20.51831,16.06067,33.61049,29.0193,33.060383,22.441082,23.998259,20.80127,32.29479,44.684475,88.02066,43.402317,69.71068,
-122.580154,196.61597,74.751335,118.0016,47.18209,47.929985,31.892609,36.95144,23.62091,29.587183,22.830246,38.44538,28.274525,26.902336,26.473377,31.122147,22.625065,30.467674,29.212189,28.60523,
-149.4305,218.8266,108.8306,135.88443,69.58684,63.891914,47.66053,38.815254,30.886032,41.56317,29.023216,32.383736,24.929434,35.09481,18.127644,40.153053,13.064287,25.305431,20.459482,18.039658,
-220.3638,183.20508,75.45716,79.915924,72.22151,56.63337,27.944118,46.634167,15.529658,40.2576,31.419285,36.830345,24.35955,48.096527,18.739721,27.505972,24.15306,30.002275,17.65524,19.028217,
-129.96475,225.37534,105.52563,134.5057,63.585,58.368824,41.308884,36.48741,42.31096,48.984165,19.785515,31.568583,26.986134,35.029053,18.859001,36.34094,22.136013,26.31971,16.69524,19.998302,
-127.24266,159.50075,76.21052,77.3029,44.326466,56.42504,20.391014,50.61567,13.168006,51.027504,17.214367,27.810625,29.646519,28.140799,15.773479,31.272923,19.551558,41.401337,35.59487,48.122566,
-224.36911,193.21817,84.84804,99.14816,76.03552,45.123604,37.68138,47.333466,10.950491,34.153435,27.072805,18.283884,26.351639,38.982254,23.589993,30.713932,23.044504,36.223434,19.502441,25.310877,
-21.930794,163.12952,63.249245,79.12096,33.871746,49.96547,24.83639,50.427673,19.458214,46.932915,14.45376,39.61759,15.453768,35.264847,11.361528,35.915554,12.694252,28.450602,19.474504,40.975826,
-97.459015,187.96304,90.94656,116.26135,58.434483,65.073845,52.686172,37.773216,35.48149,45.154945,16.43646,34.1418,13.437479,30.708889,18.159824,24.714108,22.70885,21.722134,12.790535,23.155525,
-207.0265,202.40433,102.295105,140.11107,85.0264,75.36685,43.543633,64.27797,23.165617,37.844357,39.000923,28.824223,33.97048,16.04003,19.227953,18.873707,14.747187,23.790207,19.155674,22.374544,
-210.85284,195.04996,82.85214,90.55264,77.88748,35.97844,36.508934,47.901962,10.566045,34.024628,30.07108,21.304367,27.207983,38.464653,19.731419,32.216854,19.10125,29.972559,19.520958,19.80653,
-158.69594,193.07784,73.58566,84.84596,79.20645,56.679592,25.170837,52.024452,18.355473,39.29885,25.958696,37.240986,23.417332,37.584484,27.813745,28.993618,23.70963,39.701454,20.003445,38.641624,
-105.83924,202.11559,61.301544,120.93587,100.05946,46.05713,45.693882,40.19928,27.478374,39.025757,36.982513,39.930832,19.734245,38.87862,15.563002,28.125576,15.883994,22.780533,16.418743,18.953896,
-73.766045,189.02112,55.65484,110.063705,55.24606,51.961586,36.8857,34.628178,20.980198,25.256176,25.120073,33.380917,23.405914,35.44277,26.215645,43.234467,30.21311,36.639744,32.1262,37.787567,
-62.9163,176.38882,21.449345,58.558136,27.402702,29.822086,22.169968,31.706005,14.061836,34.92408,19.628868,19.92797,17.236862,25.985872,20.673,32.517876,20.283344,22.060345,13.409303,29.043976,
-241.99507,194.9159,100.8065,90.51778,78.38086,42.122887,23.761581,44.69165,18.158787,38.36002,32.497955,18.331482,24.344923,41.5872,18.614712,29.933167,28.559547,36.43371,21.343277,19.780296,
-125.244064,199.33853,97.611824,122.31433,60.278496,62.556786,33.989914,34.32039,31.63615,38.061024,25.82224,33.6109,23.896698,25.712849,20.038006,25.541634,16.885416,23.508396,24.014408,27.504452,
-97.67579,200.62845,89.63503,118.658226,66.409744,65.166275,44.140125,37.009193,33.775444,36.67361,25.248938,30.172604,20.719524,31.485176,21.578072,24.044102,21.50398,21.824806,25.789013,21.534542,
-134.06726,164.68,92.05069,76.72829,51.29464,60.358536,23.636246,48.776924,9.265628,50.71781,19.719595,35.220036,18.113352,31.66389,21.055279,35.864594,21.908567,33.172836,18.582432,41.415955,
-128.94946,191.0128,67.062195,113.96449,49.394173,51.31359,39.456085,29.918064,13.9778385,22.139011,22.237053,30.943962,29.836721,42.68299,25.588085,32.183784,24.279865,39.179497,30.444149,38.334824,
-228.96098,195.5224,84.87765,86.25621,69.46432,56.974316,27.017996,52.56888,10.311937,40.98204,20.070927,17.593,26.1973,37.837677,25.185978,26.398659,25.414963,31.754862,18.705885,23.215357,
-176.36668,190.99048,127.780716,137.11545,48.77227,71.22681,44.808617,64.515045,33.0423,44.199497,14.342518,41.215256,11.645006,32.212486,12.033804,28.674828,21.9128,32.18721,19.174976,23.817833,
-173.43596,136.00099,71.76297,94.97783,35.462646,52.497894,24.923386,41.43405,17.962797,39.56057,20.182047,27.278358,15.531166,29.198202,20.145092,21.931755,15.526632,41.595047,25.892181,37.30597,
-102.2465,172.97131,54.53858,106.52597,47.700962,44.19741,27.468506,33.830215,15.483673,32.5001,17.89051,37.12249,31.282633,38.823265,28.560997,26.932247,34.329464,37.472267,25.53566,35.434177,
-139.12,215.45023,99.64365,116.51828,75.28516,59.63375,45.188797,36.551453,36.13691,44.561295,33.035038,35.472992,31.359201,27.842554,23.19228,30.855736,17.897861,21.891594,17.460747,19.839874,
-116.944275,208.80638,56.675186,49.12663,26.704912,30.127962,18.640276,24.089912,15.263708,16.394436,6.8865366,21.758888,7.8395996,19.128265,9.448609,16.774765,15.705986,37.199604,35.33898,40.397793,
-81.04678,215.04669,96.420654,93.12964,48.111107,69.37285,44.940475,33.71869,26.708553,46.778866,15.044064,39.23986,19.250158,33.52742,20.852055,29.595837,22.907413,33.415558,19.488825,34.71905,
-211.20593,174.073,82.860825,79.28865,51.13019,41.234123,38.898643,47.51694,12.924391,50.923515,17.919827,21.807507,19.74754,25.148508,16.834469,26.351353,14.428526,23.889383,20.378315,23.764591,
-139.98637,194.63626,104.3719,124.10156,56.22711,70.16589,51.465164,48.584297,37.5952,37.189423,24.54505,28.427273,21.458008,33.456543,12.622824,22.399044,23.300623,20.54179,15.344334,27.959433,
-153.119,185.42258,95.99061,130.91818,56.210938,71.80925,51.320908,56.043465,32.014507,50.916107,38.39497,34.46644,28.127121,31.083008,13.306533,24.96987,15.9432125,29.361893,16.643307,24.21295,
-172.99045,190.10242,89.69212,150.0935,76.34005,69.355804,40.983505,57.838234,29.950264,38.825897,40.76798,35.89095,33.002834,23.072117,13.104837,24.046715,17.541908,22.061007,15.646021,21.5523,
-195.5374,191.22575,97.679985,142.45506,92.124664,61.18413,41.86485,61.41159,26.704704,37.744553,46.94452,27.768734,31.308075,25.117598,14.015736,25.804144,15.921337,21.66755,20.646132,22.91275,
-184.08438,189.2479,122.52533,162.68094,83.66969,61.30937,41.261635,58.229103,25.284676,35.472755,37.643616,29.41295,29.105373,32.917625,13.857897,24.860268,11.111532,22.750534,18.03529,25.421707,
-110.914276,196.94353,69.35939,107.9305,45.993576,50.74858,38.77067,29.601328,23.122255,24.602161,31.258198,36.000576,32.145996,31.371813,18.790247,25.648457,20.408928,30.974419,26.561369,37.178917,
-139.17038,223.77455,85.345406,134.6128,64.0527,71.17337,50.131485,27.59237,29.095913,40.851227,26.996563,36.31818,22.127947,31.103102,23.259987,31.677296,15.252823,27.859528,22.285751,19.516077,
-255.47025,213.15668,85.31684,90.40388,64.72819,49.17032,23.768417,44.93384,15.415728,37.212326,30.236372,17.761234,20.999752,46.71202,27.772099,31.250935,23.80354,31.968903,21.557358,18.95133,
-59.259357,157.3714,44.91632,87.77127,37.627007,56.72509,20.612473,55.130447,24.108353,54.132866,20.166052,41.909622,14.850082,31.595213,20.102356,57.79494,40.794765,60.7993,34.83137,47.04229,
-31.181753,184.43402,78.83833,58.811382,29.115086,49.237957,18.873884,41.24328,22.427048,33.653522,15.550936,46.274704,16.408537,39.810696,13.8664665,29.398746,12.468409,28.844465,6.41176,22.333923,
-104.73299,201.37991,77.48709,116.023384,81.68375,48.53951,54.419724,46.967735,28.341621,48.592613,33.49555,38.53969,15.354701,36.413975,17.533714,29.06284,17.557728,20.918585,9.387581,27.294006,
-160.54437,192.21072,86.584015,98.86788,65.333694,38.36374,23.600437,28.853416,17.800526,34.636497,36.349297,39.607765,29.16224,22.219753,20.091358,20.720879,18.800896,84.58583,32.04557,78.4402,
-68.95875,219.72232,109.441345,93.34744,44.04457,41.358284,21.927542,47.705017,12.080385,41.33487,17.499817,29.249407,34.15911,26.839882,27.46857,30.763071,24.875296,20.260904,19.423399,25.455513,
-136.58542,187.96207,63.86454,102.23416,40.08731,44.7548,35.73668,35.190804,7.690206,31.227259,26.254707,35.49999,38.184566,29.987587,22.951859,25.255941,21.31905,34.67399,18.137522,29.27463,
-106.623665,189.93607,86.39991,130.81726,37.570694,66.20654,48.605434,31.416996,38.11467,44.413307,27.47651,40.19606,20.725773,31.69633,20.985645,21.531807,24.755426,20.11699,10.527144,20.849243,
-123.90002,180.26297,34.609146,81.23587,28.272358,55.886986,31.044186,42.983795,16.822044,33.750443,22.173584,42.749863,24.945353,36.86023,10.724413,44.059372,18.108421,32.391262,24.294102,38.93642,
-123.38168,189.65585,87.14694,118.42381,45.09678,52.559036,55.29055,39.230484,35.69625,43.4779,16.304821,34.57545,16.274855,31.468548,18.375221,23.309849,23.71487,31.508684,14.352005,21.735977,
-91.39596,188.66011,55.033222,85.93781,46.122025,49.79856,29.351349,53.676956,25.423216,44.52387,38.030247,33.126442,21.638723,35.870476,21.09912,33.033016,17.240295,35.693867,11.490854,32.828796,
-96.26745,194.36456,68.85458,101.269516,40.255898,59.857452,39.81819,29.532341,19.871143,29.205578,21.628605,40.636173,32.429462,36.31051,20.42504,29.972553,20.781715,29.41098,18.730837,23.466022,
-95.9772,132.1908,13.759512,88.33959,29.650852,48.508713,14.321284,45.26207,18.887735,35.949417,30.344584,35.573868,15.259484,38.597298,19.357826,39.492058,25.930836,39.904724,35.011112,50.35309,
-117.88766,211.10611,109.30589,123.67617,56.640038,76.46576,44.85002,39.774277,42.88546,38.472984,25.434677,32.832214,30.659927,31.638863,26.159037,27.985489,16.51387,25.015274,19.645666,17.625862,
-172.24852,200.0748,81.498276,92.2275,73.46143,37.47371,22.415604,49.30131,21.992413,33.62999,32.87002,40.32504,28.274582,41.02336,17.461655,28.877655,23.83288,31.26474,27.868195,35.765537,
-132.19865,186.59833,65.17582,93.6313,36.57632,45.600548,34.787193,37.85762,19.178596,41.408615,19.143915,35.456196,11.377148,27.634644,16.330025,27.092396,14.650976,24.905012,28.899475,30.291485,
-101.33637,179.19565,82.708984,122.526764,45.851555,53.511795,45.631004,38.842873,33.05313,40.886723,32.30491,38.53382,12.531566,35.216614,22.428604,22.15324,27.561794,22.935,14.065932,20.296577,
-122.13623,191.75412,96.791626,114.7921,55.839386,58.509148,49.365448,31.85653,33.710823,44.48854,16.949738,43.575657,17.877642,31.977982,23.361477,20.355247,23.06606,23.854172,17.870094,17.143696,
-108.22689,215.01395,94.77517,130.79773,70.4424,64.10664,58.696053,40.417282,44.819763,38.92527,24.67265,27.207516,22.221699,35.116753,22.643436,29.036863,18.164854,35.683464,17.11353,19.202766,
-115.35037,184.50931,69.12575,105.128265,51.354637,55.028503,32.954304,35.08912,26.347994,26.016687,21.698895,43.29341,30.85706,37.479233,22.484814,33.525246,18.99923,30.784555,28.650822,24.600899,
-151.18721,184.02283,80.73016,109.677826,59.265984,36.333496,30.731436,18.864079,17.495644,25.794434,29.698978,30.365894,23.71386,29.034275,21.148104,24.229538,36.22696,82.249084,34.743416,73.28899,
-204.72874,197.02565,95.38533,145.89624,80.424446,77.90141,49.392883,58.173954,22.222036,38.814285,41.545708,27.337824,23.579893,24.01916,14.092717,28.3648,14.647917,21.80005,21.148886,25.116741,
-73.14608,160.15785,56.11914,77.96692,29.47532,51.122383,18.937532,51.227776,16.4212,42.15814,18.27134,51.60503,25.496916,46.27299,16.072239,35.663902,22.755384,53.903526,25.238222,49.420456,
-117.77497,179.29529,-25.33068,95.094864,-3.770938,58.600227,9.327574,44.191345,21.36895,30.760212,30.600134,17.036375,34.701427,9.038069,29.750896,7.8443685,23.707872,16.231077,31.700253,34.59173,
-148.71185,213.19257,109.95472,127.33071,65.23982,63.881485,57.79444,30.54285,33.952744,44.579086,31.362728,33.73459,24.166721,33.961098,18.711584,28.777157,16.57261,21.120975,19.078796,20.00826,
-168.53072,184.24423,119.980774,136.46,55.421005,68.67437,44.13779,42.106018,46.666542,46.351162,14.639519,39.457657,20.787018,26.478462,14.038,25.786413,16.336746,29.35718,15.219372,19.93251,
-229.73154,192.98657,90.69727,91.11275,82.17222,59.96116,26.026691,41.92707,10.624391,35.01808,31.650314,23.585573,24.866568,35.75603,27.732769,33.191513,23.58779,37.9175,21.883812,22.915672,
-198.27237,195.58229,65.196815,72.42355,35.69291,34.417797,26.017029,33.202717,7.5746737,39.828667,18.28351,31.530724,31.718866,30.502838,22.043903,44.73127,40.32909,21.144257,18.422688,33.09435,
-119.00381,170.67523,76.33553,118.67109,41.192345,55.408836,49.832764,37.077072,39.707348,36.60377,17.94109,33.032986,21.186642,39.971622,23.6399,19.79601,28.663708,22.220585,17.37253,22.413757,
-187.2447,192.68979,99.06247,139.85199,61.454735,75.86839,48.992596,48.188488,28.61269,45.37401,14.435322,40.09436,18.695652,31.23347,17.369705,26.678709,19.514107,33.44327,16.038788,28.282616,
-176.26756,189.95474,123.8288,143.05975,76.0435,65.10191,55.275307,60.960495,30.305565,36.6826,36.07984,31.269783,27.541613,38.538506,19.937664,24.691309,15.169157,21.29856,20.402462,32.765743,
-144.52632,217.21768,100.73775,122.618515,84.40608,63.643074,47.704132,51.14508,38.155457,46.83983,26.057838,38.8527,23.503227,35.664246,18.456848,23.808628,27.660297,28.367989,24.532362,23.138016,
-169.77795,224.34445,106.551476,135.72917,76.05298,65.42034,48.74296,37.530464,24.231989,43.237526,27.428902,33.745453,22.08994,38.02618,19.589672,30.412945,13.983187,25.561443,21.029423,14.672979,
-139.88527,194.88028,88.43735,113.431305,56.698975,41.65472,27.314854,30.157574,18.149586,36.066147,35.96207,30.932909,17.672426,23.50125,22.042847,27.51463,22.108257,79.887314,38.357735,76.65567,
-111.73118,210.59863,50.344894,116.224525,54.005356,57.377052,38.32194,34.685246,27.567915,30.666212,23.185417,33.597126,21.729073,31.250542,20.826595,31.41829,29.122692,36.071808,30.209557,29.700651,
-131.52315,163.52885,69.59891,88.415726,25.387718,51.11491,27.941582,43.476387,18.388058,37.419975,18.46214,36.024673,18.11459,27.465128,13.55344,31.805412,14.151129,28.195011,19.584475,27.701202,
-113.05918,184.38943,63.78759,110.23746,47.27018,57.67224,36.026173,44.533092,29.724716,43.63509,20.141716,32.79164,18.094814,26.458057,18.828049,33.601868,23.870083,54.585037,24.278427,45.56099,
-143.26042,200.18945,64.24494,110.50199,41.867798,51.308643,40.869305,34.687325,24.181578,25.39703,37.50638,32.24517,29.002443,29.41661,20.167889,34.01731,17.819786,31.41343,17.78431,21.327595,
-85.85368,141.00708,13.458385,79.613655,22.80228,43.912712,11.5155325,47.46421,14.822817,35.168358,28.624329,41.722527,16.731478,33.04923,18.09652,35.27838,16.960188,33.517918,27.452782,36.700645,
-218.98366,198.30151,93.96925,90.4466,68.64514,43.968513,25.848167,47.172897,15.394279,38.761307,23.78426,21.351978,30.11557,42.201164,24.653805,31.14538,22.274351,31.548042,20.183407,21.539629,
-188.65848,215.61206,110.56009,124.821335,61.58165,62.537205,53.57128,40.707085,32.212025,42.479595,34.479046,28.841167,25.247614,35.948772,19.711998,25.39223,15.207744,35.40347,16.83882,17.499905,
-81.63345,202.27725,67.23381,134.02815,100.71739,49.230865,46.160366,54.803207,36.906265,44.128197,27.690733,25.63972,19.014374,34.900223,16.077667,28.252453,12.762224,24.88549,17.254936,25.964394,
-125.732574,213.52545,117.790924,130.91634,46.554718,66.21802,46.455162,49.6819,36.90538,52.47125,20.426025,37.07771,15.033319,31.19171,17.50079,27.982925,18.783443,27.75021,12.028128,29.32198,
-142.33722,175.95064,77.80763,110.61635,55.036625,39.32849,19.730116,23.597403,22.636267,31.210339,20.613304,23.868774,27.545631,22.419765,32.793686,59.608665,49.42783,90.895706,43.75509,78.51286,
-132.7023,165.20267,79.12368,72.54228,52.183136,54.917,18.82565,52.2417,12.436031,49.576103,19.441633,30.968775,28.060345,30.62358,15.057691,30.82153,20.874428,43.780243,37.73842,55.41942,
-138.72803,195.68834,94.53859,140.3585,77.59192,69.627884,51.274193,52.715057,37.148247,52.177853,36.94376,34.4007,33.006344,33.430656,11.833771,27.369678,24.850178,32.85733,15.70005,31.072224,
-98.80522,189.44293,57.478798,119.12306,60.886032,58.299347,45.54052,30.880478,21.886692,29.810349,20.00383,39.998512,33.265793,31.000319,23.35512,28.627115,14.54487,39.214718,20.26955,25.248463,
-125.29359,184.7637,61.579674,107.0939,42.9647,51.495216,35.759277,41.342155,14.813361,31.821877,17.655544,22.385807,23.379215,37.010536,28.702446,30.884842,18.692333,27.989014,26.519659,41.964256,
-121.892624,189.02791,85.30824,131.79915,41.482285,56.210938,41.12462,38.31963,36.688572,43.744564,20.880692,33.53996,17.552368,30.882092,20.723457,20.807362,27.30677,24.108873,17.019424,29.83837,
-248.23647,200.07167,98.43425,93.7772,69.70064,52.375046,31.230728,42.64965,15.798109,34.72754,29.20624,17.678581,23.678474,39.990253,21.77626,25.406881,25.256462,45.944786,20.510736,14.946975,
-220.34099,204.55331,97.18117,96.28088,61.02952,37.040886,25.42275,44.76741,11.664669,36.403847,24.223396,21.923258,26.676563,41.72999,22.706348,28.037334,18.603207,34.308456,18.380182,21.594387,
-136.15955,186.25603,78.7435,106.647675,63.674362,55.060917,48.943405,35.944267,37.13282,39.768517,18.323524,37.791794,25.694626,27.645447,18.078829,25.310108,23.666092,20.063026,15.536891,19.955696,
-99.921906,203.19829,49.917038,118.67716,67.955444,59.963715,36.45649,31.317364,26.229015,24.437004,25.947235,44.557217,40.19857,35.454205,24.859627,26.523317,19.676098,42.25135,33.34546,25.225557,
-141.42947,222.89233,94.54758,133.10352,66.29288,71.71349,49.21704,28.680714,47.109306,45.862213,34.60512,28.603151,27.243145,27.580097,20.590425,32.607292,17.914986,25.310133,18.979618,15.801325,
-101.34173,199.64511,60.796715,115.96341,78.0248,46.28344,38.919205,42.515167,37.399193,31.907358,33.36656,33.34264,16.563816,40.051247,14.121712,36.462486,19.258701,33.311066,22.854797,41.09498,
-182.51118,198.55127,100.21211,129.14023,86.9919,76.59491,39.88918,59.56943,30.102486,40.57202,42.54538,30.82877,31.361666,23.32587,19.568,25.319084,18.624996,21.182827,18.790155,25.120693,
-116.37422,197.59433,68.173035,128.53171,46.098164,65.46282,52.988464,35.81695,34.382065,48.63159,26.033894,34.78168,19.785538,33.328323,17.517744,22.105637,24.202684,24.914303,16.275766,23.12171,
-127.58152,205.68045,45.635902,42.533463,23.57111,32.060722,14.245296,28.402573,13.3651085,20.377094,6.18404,19.820305,6.4121575,17.20825,8.270684,10.475253,4.558711,21.625599,17.363213,42.13984,
-123.82125,182.11382,-19.151237,101.28587,-6.1613326,60.826614,9.337172,46.681686,16.610138,21.611073,36.830605,17.722282,32.988632,10.303209,28.69453,11.868492,29.87632,17.012012,36.964382,30.425423,
-156.9402,186.98329,62.536865,113.69716,40.977695,51.100292,32.53504,35.357338,22.32442,38.11485,28.246254,28.386162,10.741401,28.701742,14.701859,30.945187,17.35987,42.241817,19.188538,38.088966,
-113.06971,191.58951,56.800804,111.46857,40.897606,44.383503,32.63305,38.33677,13.030971,28.451452,15.775949,25.519743,23.703667,34.092674,32.814278,31.917665,30.030163,28.444838,24.904808,37.511333,
-144.52477,196.53214,54.962666,88.374084,38.781387,52.833344,34.078014,45.26577,16.546837,49.540718,17.9467,30.969349,13.559409,27.325924,26.778751,48.108284,29.285519,47.813377,27.802456,46.28324,
-147.09836,212.78589,102.6668,129.08911,56.78057,59.868477,49.176323,37.647713,26.69012,41.276985,30.800896,36.360573,21.470604,36.037697,19.921154,31.868935,16.38525,25.898317,22.24462,19.434639,
-177.41095,194.23274,106.28819,142.42839,70.22789,74.017746,45.38528,71.734116,23.444113,37.19941,35.81526,32.496284,34.204,22.709698,13.052917,20.681639,14.188314,21.686663,18.916908,25.47932,
-39.883034,207.17508,56.661606,74.63632,37.619278,45.5651,22.846413,36.358486,16.212917,44.13997,20.418158,33.437546,17.281233,33.683765,19.21967,32.621353,18.656998,34.81285,15.944813,33.71604,
-154.75856,187.50717,135.61943,137.07657,70.29135,67.182556,58.75785,49.3573,30.945421,51.01562,30.28042,36.901077,26.589508,27.604204,11.609262,30.730034,18.554047,24.120117,18.570541,29.645668,
-130.39655,212.4083,99.65689,118.369156,69.714966,69.52228,44.07415,35.94928,27.31992,36.78118,26.497597,32.86892,24.056797,31.910236,19.184072,26.387434,26.607494,35.840446,17.091335,16.367516,
-98.98515,193.14906,57.604126,107.05839,59.72789,54.574604,36.53293,29.54327,15.485996,26.394606,22.189388,32.020226,33.062046,31.598063,21.78342,30.912308,26.259369,33.486958,21.869303,28.557878,
-77.4061,185.80179,53.621845,106.047104,38.81526,50.335594,30.718699,43.891777,13.308703,41.01803,19.683517,27.914797,30.538004,30.796646,20.887445,46.004993,22.727444,30.05926,32.065567,31.955654,
-97.25985,183.07184,61.51499,113.10541,44.95276,66.923294,29.359196,38.11383,16.422844,41.33135,24.956799,35.63605,19.85603,28.940006,26.217613,25.39312,20.118582,34.510536,32.142067,32.865597,
-120.23446,198.44516,68.11087,112.36742,63.26895,52.106796,33.683586,31.616875,17.498007,22.920414,17.537529,29.26387,27.537077,31.506811,30.200535,35.701794,32.198723,31.997576,32.301384,38.3584,
-135.53119,179.38293,77.57117,102.53787,53.58773,40.262848,32.15276,20.009317,18.279076,31.146454,28.229828,41.10325,22.930874,22.54448,37.069107,48.367195,33.99444,86.40282,30.741499,71.10575,
-157.52151,188.93112,82.988045,116.82915,51.302635,64.69968,49.03181,40.07003,29.312414,37.072433,20.85319,37.696056,20.50454,35.05104,18.040493,26.794525,24.865358,25.495237,20.368813,35.452576,
-104.68993,188.05066,73.477615,117.5285,47.345642,53.033993,50.550087,38.723663,30.885715,37.449398,16.096838,33.355072,11.435252,27.84306,24.923244,21.246536,24.21508,17.92569,14.0811405,22.440208,
-90.95201,199.76707,55.39588,113.72475,49.28157,50.29876,36.5863,36.941566,22.471062,33.4182,24.63499,26.752533,20.080696,32.698387,25.401386,38.104546,29.151703,32.007347,30.005857,39.041138,
-83.081924,196.19543,64.66487,125.90538,86.71421,50.123447,54.115673,53.41591,24.600822,38.54182,34.66704,40.49595,16.842781,42.65395,24.079884,28.926231,11.200798,24.902393,17.030546,25.07343,
-83.649826,178.18796,52.9115,110.00969,48.109314,56.969612,26.910522,40.83312,14.849655,38.35678,18.947372,31.718855,37.230637,26.68294,27.167538,23.417023,19.730293,29.93924,20.985962,29.847057,
-123.56391,170.78506,97.23961,82.30144,32.06098,51.94561,17.873665,48.798035,14.291066,46.515564,22.363724,30.239927,31.36512,33.026978,13.963513,28.908623,25.548527,32.106525,12.221477,35.73127,
-170.44269,202.25099,104.51361,151.18857,88.43844,78.246826,45.834442,56.80753,27.734715,46.885544,44.119713,32.878227,29.262463,19.30363,17.253094,31.560406,11.769765,23.347546,21.331074,22.466839,
-207.33847,198.57394,92.841736,91.31798,69.66792,50.947964,24.343498,43.769005,12.440323,32.200333,28.379063,17.547565,27.751719,40.93536,22.885233,32.62121,23.410622,33.067833,20.387403,18.108408,
-119.03192,192.15186,136.18277,130.4325,69.61276,80.885376,50.283394,48.987556,34.85328,44.557518,28.36797,31.51733,30.628664,36.987263,18.325394,32.145634,17.786665,26.751312,17.583893,38.747597,
-87.763084,183.78741,86.830414,122.56032,50.610016,66.37866,50.176758,42.2311,36.225998,43.334106,19.029667,31.132105,21.1084,25.864408,22.97987,20.929909,22.425484,27.027512,15.716729,21.610357,
-104.14643,217.93597,98.53691,126.17862,60.441093,66.75614,40.76024,47.08513,27.101652,41.69793,35.904964,40.98768,22.601562,32.147606,19.318504,26.287746,20.510742,20.625702,21.6795,16.740908,
-48.018166,207.80032,61.96712,110.022285,36.110676,53.532085,21.600348,44.658745,18.588354,33.42972,38.400322,27.24702,19.386538,33.76701,17.684078,33.14403,25.929537,35.504044,14.250883,25.392595,
-246.89954,204.36661,79.14411,121.070816,43.23592,57.53341,29.149353,49.15988,26.994606,41.133102,29.833303,32.117157,46.607193,38.45098,37.805214,39.712074,36.63959,46.86578,51.89499,38.886658,
-82.53951,185.21658,54.712616,117.52969,52.2698,60.037384,52.234016,37.6866,34.773823,47.845375,25.424017,39.541298,18.732653,32.51192,25.209732,23.363459,25.25224,18.37828,17.207397,23.687014,
-78.14481,149.71077,71.16409,77.71891,35.597088,52.822548,21.282917,49.793465,19.897606,42.086205,12.172005,37.0832,15.550531,36.72662,13.108339,36.53457,20.439112,37.119778,16.872402,56.46149,
-167.05084,215.88979,104.247086,128.84296,62.9917,60.45256,50.358383,40.50212,28.978624,44.546646,32.71763,37.496677,19.540302,32.838783,19.383165,22.550728,23.122524,20.30438,19.411715,29.155945,
-173.32747,223.89055,90.37488,122.18126,60.933067,70.27433,51.09227,36.97664,41.09256,45.74334,24.372606,29.117226,23.363161,31.857021,24.871258,29.720999,19.005869,23.523151,18.877615,15.044781,
-161.68454,206.597,91.04667,116.03093,71.44974,68.8799,38.092102,40.500748,34.989784,40.81727,31.610237,33.459984,22.541868,31.21225,24.504843,26.655933,20.222984,23.348042,19.285719,19.347973,
-125.33011,161.32123,54.174232,74.52885,42.97116,51.75839,14.972747,47.00589,5.5720167,56.12972,12.858241,26.290318,17.824226,26.691967,16.40202,26.943195,11.150764,27.854515,20.809502,27.921131,
-156.48692,197.23727,94.64917,137.75168,75.40335,69.1301,46.452118,54.88755,31.793442,47.685375,38.25612,35.522526,33.29563,27.788326,15.028921,30.660686,15.738835,23.507397,12.819596,24.478592,
-110.903435,205.39682,103.96167,134.75659,59.729538,53.715275,52.722015,41.759113,31.117975,35.883423,23.640942,40.557518,24.728737,29.816662,22.511932,28.776562,24.364498,21.802917,16.200718,19.67363,
-227.1255,192.62943,96.15379,92.12143,77.83542,51.028038,23.5921,42.26364,12.376965,36.297188,27.81876,24.580921,20.865017,39.988132,26.085548,31.030079,22.965332,33.022614,18.953827,15.153175,
-81.779655,204.56238,76.27788,118.21785,81.774475,51.655552,53.481407,58.58513,28.99595,44.06102,40.088623,35.236862,17.33752,39.657326,16.625874,28.209969,18.062067,17.731075,9.524713,23.018276,
-78.60038,162.04323,51.983986,88.54389,49.929893,50.621826,25.458351,51.375923,14.209907,47.815956,18.39812,38.786972,12.018566,33.663372,18.367847,35.483284,18.279095,38.491096,25.144367,31.33258,
-133.2612,213.5673,96.80276,128.00864,65.16017,64.82189,57.756485,40.689674,29.94946,47.478027,26.4591,36.99814,35.34785,36.069748,25.323212,25.56794,17.893448,26.41162,19.170843,19.758268,
-127.44484,199.98524,112.59068,136.9913,47.711807,62.837234,61.787834,43.089455,36.148125,49.219696,14.010323,37.98447,22.77096,28.660927,14.691981,21.336582,18.935226,31.085926,12.284336,26.368952,
-126.16642,191.16377,60.47049,114.08467,49.495857,45.871357,30.748951,30.332571,16.977121,29.869576,19.487843,29.129738,24.82721,37.773914,24.076809,29.429924,24.256386,26.822773,37.46222,42.565353,
-101.933624,207.79016,59.36064,105.14709,52.637737,57.524307,37.678238,32.01204,21.719696,25.026306,19.83374,31.420748,29.389332,51.45105,30.666828,50.803528,31.736948,32.276077,23.409286,34.616528,
-239.44092,206.98187,93.63919,85.14192,64.962585,46.82855,25.793968,48.28303,12.015523,35.452606,21.273643,14.312711,20.192335,35.222206,19.941242,28.419632,18.63257,36.75046,16.86184,20.766544,
-33.425243,183.9808,61.051662,56.338234,27.042595,44.333565,22.71894,35.445557,16.074669,43.83425,23.932514,36.72714,14.236508,31.709923,23.278072,33.110367,14.496423,29.239367,19.437515,30.357899,
-130.73688,157.56477,93.80818,76.46852,35.14898,52.267757,16.352114,44.982933,13.670686,47.48302,16.17093,24.837364,23.235676,37.398132,17.973171,33.36172,18.295334,29.757103,13.131668,33.53991,
-215.3481,191.15302,75.72714,76.80963,64.21246,58.97779,34.88942,47.03015,12.344988,33.555946,37.4815,16.53506,30.098602,45.101536,24.468155,26.78622,20.37151,34.033985,19.848492,18.483917,
-79.2029,185.7506,60.13176,108.09511,44.22526,45.980915,27.351744,37.84025,17.580946,33.797836,17.346043,29.68,17.31055,35.47374,18.613804,22.881975,21.197926,30.23618,28.649353,31.041538,
-168.31856,212.18105,109.753075,130.20978,74.274155,63.686592,39.891136,45.37728,30.889912,37.436886,29.396887,31.852097,25.193933,34.034477,23.121426,29.652863,15.93361,23.964712,23.491991,19.240202,
-164.43729,184.1141,62.782406,109.576675,52.96138,59.12313,44.91549,32.833466,19.54401,27.197868,26.723106,26.866951,11.23707,27.367548,22.86567,27.38415,15.37786,28.474,21.014996,37.290024,
-88.652435,188.67564,59.424248,83.702545,42.795013,52.56376,18.976105,53.417706,23.920753,45.930622,30.360098,36.94162,14.229382,42.331486,19.817234,32.940174,17.42243,35.56124,24.70367,27.407314,
-186.07428,201.78993,93.99159,145.46439,83.54822,67.38458,44.667603,54.590492,24.404385,48.872345,34.756313,31.01044,34.208164,25.346355,14.419335,22.23787,18.91673,21.899538,19.12685,25.691011,
-158.14423,207.10687,90.98446,128.77539,64.35356,65.612305,48.940437,56.895092,21.241629,48.480682,23.448969,41.666855,24.775131,32.349907,26.466232,31.500648,16.333544,32.596306,23.641964,34.543175,
-220.38033,197.27698,90.37511,95.13989,77.89374,56.02992,24.048958,44.597168,14.923382,41.062756,31.349691,18.927338,22.819468,45.908005,21.775375,27.786287,19.857529,31.786337,29.730986,21.673841,
-146.06882,210.03111,98.85187,131.47855,71.81203,66.02053,48.815453,46.84922,32.387016,34.877747,26.795536,37.236717,23.184093,33.20841,22.15742,27.27309,19.539894,23.242832,21.209557,19.22675,
-30.03507,156.57877,57.22014,64.98784,41.737602,48.37111,28.805561,46.00483,26.865074,50.400776,16.755043,48.494293,12.283461,43.81858,21.69466,30.55969,21.669065,29.10804,14.603778,60.361366,
-163.86035,197.11874,64.75259,108.40013,75.82689,44.67538,42.4832,42.800926,28.704086,33.65203,29.315802,47.417015,24.080767,41.301666,18.600395,24.458624,18.324913,25.485687,18.79949,30.743893,
-237.22957,186.70471,87.65775,89.81708,66.096924,45.55535,24.941502,53.64682,7.8460975,38.804558,21.9429,19.920021,22.432106,44.084366,25.879725,25.377434,25.040531,29.307806,22.138233,19.566872,
-121.40793,196.10364,60.5103,108.01579,47.871143,58.323166,32.50466,33.54396,13.147104,23.214691,18.002686,32.802895,30.596363,45.012653,21.397654,39.91237,24.661364,42.575504,30.07404,39.94673,
-141.39667,185.54811,72.290726,109.80122,53.026703,31.970451,22.647545,29.103985,16.89117,36.69777,35.065205,34.250587,27.483639,26.06992,17.723057,35.473904,40.650604,86.06247,41.46919,78.03976,
-62.050377,196.63585,46.28266,89.28596,29.484644,38.16375,23.761753,33.23999,17.771446,38.039215,21.960064,32.598793,14.811263,27.983723,23.34799,27.4438,11.600309,21.251272,12.74168,27.76198,
-95.94607,145.14182,15.542154,76.30836,23.719818,46.39342,19.70662,47.188377,22.03566,37.22384,24.201172,33.842087,17.303514,28.531294,12.135972,42.06424,24.62286,35.23416,28.434235,48.5716,
-207.93184,188.56448,68.96803,85.80834,79.7496,41.351532,33.739986,48.15908,11.411427,34.093796,24.942394,19.52084,24.206985,46.164093,24.943739,31.145367,24.457321,27.65699,17.195137,23.043888,
-99.244835,190.34412,79.14116,126.15459,42.431522,60.208282,52.120003,39.365646,34.89666,43.21222,20.17432,39.450714,23.083195,32.43172,19.272598,27.094349,30.415056,21.11755,12.595545,20.024017,
-169.95685,188.97699,108.30834,139.89557,73.7287,75.43018,51.228634,59.276283,32.630726,34.683685,35.8466,35.458595,25.777943,30.339226,21.229584,30.553972,17.594418,22.767773,15.995697,22.756157,
-109.88682,205.8837,102.6555,112.79489,59.797318,66.19478,46.99617,32.585316,41.22675,32.407143,30.813911,32.96361,31.659695,28.520403,18.348015,27.859959,22.02426,24.448719,23.93431,15.602535,
-58.40976,210.72617,62.18537,92.03463,31.95947,52.380074,28.273598,39.007027,26.614502,42.89351,23.416265,38.172974,23.680138,30.556347,23.58739,41.281475,41.772217,50.672066,20.653734,49.67257,
-145.2478,192.46216,66.141205,116.66364,39.034374,44.559586,38.678604,39.32808,16.287458,39.4765,16.586344,23.97956,17.787453,37.15466,20.798582,24.40237,20.9587,30.97178,21.23196,34.73728,
-108.73165,187.06424,85.26568,118.78816,48.823578,49.761063,49.159763,37.850204,31.433401,44.066143,19.462545,40.011063,19.223751,27.375488,21.988056,27.137318,20.476347,27.708954,16.850113,24.587461,
-65.78436,211.93365,82.287704,68.68909,45.26647,50.066017,30.665672,40.11341,45.964622,31.85404,24.247442,25.577377,18.4598,28.449497,21.093216,23.73641,21.119019,34.765022,29.962448,39.906548,
-131.07785,204.22699,32.70837,99.70548,19.672941,47.181423,41.137764,36.90102,24.912834,35.852676,24.589825,37.653275,50.35231,37.727,43.530525,36.158855,41.339725,41.343987,55.027687,37.071747,
-194.69745,206.29855,99.16664,162.78061,79.74132,62.79064,59.420174,55.731834,21.748098,26.090347,41.18537,30.19101,37.969,25.27417,16.719305,23.938042,15.47199,21.46638,15.369546,22.211617,
-166.8726,204.13614,104.81193,135.66818,82.76759,80.88426,43.169342,60.86567,26.049591,43.33835,34.47079,36.893745,27.298704,22.950089,12.148716,22.76649,14.516424,19.279987,16.06196,25.163311,
-135.42798,188.55334,52.581306,122.98559,64.454956,59.61764,33.922188,36.033012,14.508316,31.065996,31.859318,32.584194,27.756943,39.12036,19.47834,32.011433,27.930918,29.806562,28.087189,39.505814,
-117.12129,195.7683,75.18497,115.46611,50.823544,62.340294,55.03477,28.923931,27.9501,41.726196,15.004679,34.93049,14.576281,34.85284,25.395885,23.93253,25.956074,28.978966,12.9209175,24.284328,
-104.50265,201.97656,59.939342,46.315643,28.078985,35.28404,17.510012,27.485529,13.671461,15.240734,9.435295,18.453436,12.579775,14.592305,9.87034,8.524395,8.521015,21.936577,24.568367,36.24985,
-162.9965,196.0317,99.3345,138.7648,88.918396,74.93907,47.88431,59.83625,27.886782,35.480293,37.055283,26.831104,38.663372,24.32442,12.358956,22.599327,16.334278,17.11761,17.168558,20.838322,
-104.687584,203.31708,74.83532,114.25217,86.561905,45.800583,48.72209,47.798748,28.981548,42.74978,35.334602,22.424858,19.742397,36.096405,16.201675,28.627506,16.950726,23.949745,10.098082,23.215012,
-105.83757,189.27539,69.43946,113.840866,56.77014,58.09244,32.174995,29.492115,14.047602,22.065825,24.626972,28.082302,27.096378,31.235647,23.384415,36.864754,35.357376,40.469303,21.570536,33.32759,
-172.5377,222.51965,83.34096,128.77893,81.48787,62.572296,43.92817,53.264084,22.81831,32.84523,47.276573,30.053616,32.49332,19.693035,13.836214,20.609749,8.90261,24.306816,17.92389,25.24748,
-120.3546,165.5733,84.574524,74.26403,39.2424,54.07624,37.01754,42.196304,21.010422,52.240776,34.844444,40.588737,28.132326,39.08213,18.175358,30.014198,18.877815,32.96466,25.378292,45.473312,
-132.59145,206.66856,99.258026,114.85472,67.29041,67.60208,40.234215,41.206093,26.52079,42.098167,23.518982,29.229574,16.301252,27.221533,19.54871,28.669533,16.160448,18.852318,22.070713,19.203115,
-37.606926,190.65143,74.86217,77.94915,34.21649,58.1767,22.98995,45.82895,28.824356,43.325043,15.477125,32.337486,19.99947,28.373737,18.733543,37.044876,38.725136,52.580193,18.677607,35.725285,
-148.25333,184.4062,88.15875,137.64964,40.43848,73.02475,45.162495,57.566154,33.540314,42.545727,21.39513,39.51695,22.399052,35.318127,10.121906,28.110971,17.92382,32.218834,9.106325,28.656033,
-165.76518,202.51923,109.741066,133.3992,72.94998,64.545135,49.8126,41.68208,38.612106,45.170555,25.475681,33.81839,22.67027,36.408546,19.462591,26.178482,15.682928,23.363468,13.906016,17.30552,
-105.10552,200.5845,71.321266,120.37178,90.711815,56.48874,49.73716,48.84877,31.41249,42.40486,34.72979,27.216545,20.432877,44.670452,22.607452,23.62349,15.16342,22.349655,10.205708,20.380573,
-109.802124,207.6908,95.21367,117.60361,53.231903,64.46956,40.45765,36.946777,34.224747,41.104607,29.790539,33.60148,24.68943,24.588297,17.290207,34.649727,22.443474,23.942078,25.927864,18.99059,
-121.95101,192.95934,92.65633,97.82597,78.78439,49.089317,26.289822,43.81466,14.14388,38.23896,19.746956,23.56672,24.178402,43.17035,24.522446,29.461727,20.203726,35.44117,18.848839,26.918156,
-116.528175,189.29875,54.05963,112.42398,46.230625,55.71289,31.014755,33.81004,16.606003,34.06381,25.02552,36.88045,23.079327,39.379784,23.9835,44.072727,26.653816,36.29135,30.059607,40.19055,
-98.24827,190.1813,80.70805,113.87412,44.46978,58.110886,45.97842,43.048824,36.533188,46.911407,17.093014,35.071617,20.272312,29.031958,26.753452,21.877289,22.4513,20.572319,15.576825,23.659615,
-131.19086,172.59702,86.24292,109.019,69.86676,48.628525,31.164373,21.176785,14.635473,30.350069,31.895573,29.17292,19.76317,29.417965,22.194492,20.316158,12.283577,68.62959,32.133484,74.257195,
-131.52899,185.92885,81.03818,126.21219,58.121307,63.885513,48.593483,33.739124,33.153034,40.453457,17.923689,29.918013,20.487858,35.371445,16.229698,24.68578,24.331398,28.56887,12.723325,19.280525,
-110.06005,202.04526,115.53526,126.82318,55.985687,73.51323,57.018017,46.60145,24.911688,36.369095,11.709693,30.911919,17.201586,29.43799,9.97694,21.394028,22.113564,26.78859,12.948849,28.27343,
-128.47958,182.68994,91.067696,121.57649,42.3937,51.302002,46.650444,32.115387,34.43976,41.996788,23.435764,36.660484,14.35807,29.677277,22.85659,19.218102,24.488123,28.782913,14.453722,20.028212,
-244.68336,192.38309,84.64517,114.79669,69.38414,42.365288,30.75367,43.10001,13.275765,38.466637,24.253433,18.283802,26.012997,35.820633,25.161217,26.827858,20.942879,27.975468,22.567575,21.107529,
-121.706856,182.07481,108.85841,140.49982,57.005997,65.147835,55.417572,44.61528,33.23176,46.05616,13.457338,32.34731,13.179311,27.991123,12.713558,23.861912,19.290226,29.616116,11.666202,23.934471,
-83.75602,146.09407,62.11522,84.02028,50.924896,53.35278,19.825443,46.697655,13.764614,48.94291,13.829172,36.503937,10.789611,32.664238,22.827412,34.498074,14.15275,39.115643,18.653448,35.835915,
-73.62808,152.81137,58.639427,73.87039,34.396507,41.145317,22.04382,47.68626,20.079403,56.623055,15.396738,35.01477,22.441822,42.544064,8.924362,33.868095,16.818047,33.039314,12.850812,36.376553,
-235.91559,197.4303,89.52165,89.61946,74.55335,45.124123,26.4617,46.99932,11.1564865,38.22289,25.578053,22.49292,21.0298,33.448475,21.964165,27.630539,21.576572,35.449997,21.358398,18.818466,
-96.112915,210.7579,88.09425,112.75734,82.41626,57.12799,50.1258,49.417274,33.440887,38.682068,44.293034,23.263348,15.5905075,42.60597,14.656126,26.852156,21.471863,20.303375,10.864684,19.053192,
-142.1155,192.57962,81.900955,78.540436,52.50131,39.519592,17.873482,38.951927,11.482579,38.92493,17.226313,18.09639,24.801613,39.93074,18.682362,29.96201,22.853811,35.623363,23.074413,48.079643,
-162.43935,195.40012,103.77078,129.28285,81.76962,65.08656,41.24125,63.01511,21.19626,44.536716,39.836105,32.146606,29.297882,22.265007,21.703827,25.159649,16.324306,17.712744,20.340273,21.538265,
